0.000000 -0.000000 -0.380763 0.000000 0.000000 0.000000 0.000000 0.000000 0.000000
1.000000 0.000000 3.533403 0.000000 0.000000 0.000000 0.000000 0.000000 0.000000
2.000000 0.000000 4.215070 0.000000 0.000000 0.000000 0.000000 0.000000 0.000000
3.000000 0.000000 4.024237 0.000000 0.000000 0.000000 0.000000 0.000000 0.000000
3.000000 1.000000 4.510903 0.000000 0.000000 0.000000 0.000000 0.000000 0.000000
2.000000 1.000000 4.621737 0.000000 0.000000 0.000000 0.000000 0.000000 0.000000
1.000000 1.000000 4.764237 0.000000 0.000000 0.000000 0.000000 0.000000 0.000000
0.000000 1.000000 4.740070 0.000000 0.000000 0.000000 0.000000 0.000000 0.000000
0.000000 2.000000 4.830070 0.000000 0.000000 0.000000 0.000000 0.000000 0.000000
1.000000 2.000000 5.090903 0.000000 0.000000 0.000000 0.000000 0.000000 0.000000
2.000000 2.000000 4.716737 0.000000 0.000000 0.000000 0.000000 0.000000 0.000000
3.000000 2.000000 4.947570 0.000000 0.000000 0.000000 0.000000 0.000000 0.000000
000000 3.000000 4.980903 0.000000 0.000000 0.000000 0.000000 0.000000 0.000000
2.000000 3.000000 4.829237 0.000000 0.000000 0.000000 0.000000 0.000000 0.000000
1.000000 3.000000 5.010903 0.000000 0.000000 0.000000 0.000000 0.000000 0.000000
0.000000 3.000000 4.858403 0.000000 0.000000 0.000000 0.000000 0.000000 0.000000
